env_1552498696481:
  n_objects: 1
  obj_0000:
    class: 2d_sphere
    color: [0.571379874400013, 0.0, 1.0, 1.0]
    params: [0.9130449891090393]
    params_names: [radius]
    pose: [0.3730384409427643, -1.2292560338974, 1.3760614395141602]
